x	px	lx	dx
0	0,980467	100.000,00	1.953,31
1	0,999112	98.046,69	87,08
2	0,999224	97.959,61	76,03
3	0,999314	97.883,58	67,17
4	0,999358	97.816,41	62,84
5	0,999448	97.753,58	54,00
6	0,999570	97.699,57	42,00
7	0,999645	97.657,57	34,64
8	0,999673	97.622,92	31,92
9	0,999653	97.591,00	33,84
10	0,999665	97.557,16	32,66
11	0,999709	97.524,50	28,40
12	0,999705	97.496,10	28,77
13	0,999653	97.467,33	33,78
14	0,999554	97.433,56	43,43
15	0,999449	97.390,13	53,71
16	0,999374	97.336,42	60,90
17	0,999310	97.275,52	67,14
18	0,999255	97.208,38	72,42
19	0,999210	97.135,96	76,76
20	0,999142	97.059,20	83,24
21	0,999068	96.975,96	90,37
22	0,999027	96.885,60	94,26
23	0,999019	96.791,34	94,91
24	0,999045	96.696,43	92,33
25	0,999081	96.604,09	88,75
26	0,999095	96.515,35	87,31
27	0,999094	96.428,03	87,40
28	0,999076	96.340,63	89,00
29	0,999043	96.251,64	92,11
30	0,999027	96.159,52	93,56
31	0,999022	96.065,96	94,00
32	0,998990	95.971,97	96,93
33	0,998932	95.875,03	102,38
34	0,998848	95.772,66	110,32
35	0,998798	95.662,34	115,02
36	0,998764	95.547,31	118,05
37	0,998680	95.429,26	125,95
38	0,998544	95.303,31	138,72
39	0,998357	95.164,59	156,37
40	0,998231	95.008,22	168,05
41	0,998139	94.840,17	176,49
42	0,997952	94.663,67	193,87
43	0,997669	94.469,81	220,18
44	0,997290	94.249,63	255,42
45	0,996980	93.994,21	283,87
46	0,996731	93.710,34	306,36
47	0,996370	93.403,98	339,04
48	0,995896	93.064,94	381,93
49	0,995307	92.683,01	435,00
50	0,994841	92.248,01	475,94
51	0,994442	91.772,07	510,08
52	0,993837	91.261,98	562,44
53	0,993021	90.699,55	633,00
54	0,991986	90.066,55	721,77
55	0,991032	89.344,78	801,27
56	0,990190	88.543,51	868,63
57	0,989166	87.674,87	949,90
58	0,987950	86.724,97	1.045,07
59	0,986530	85.679,90	1.154,15
60	0,985219	84.525,75	1.249,42
61	0,983964	83.276,33	1.335,41
62	0,982400	81.940,92	1.442,13
63	0,980502	80.498,79	1.569,56
64	0,978237	78.929,24	1.717,70
65	0,975932	77.211,54	1.858,30
66	0,973656	75.353,23	1.985,10
67	0,971061	73.368,13	2.123,20
68	0,968101	71.244,93	2.272,62
69	0,964720	68.972,31	2.433,34
70	0,960768	66.538,97	2.610,44
71	0,956514	63.928,53	2.779,99
72	0,952166	61.148,54	2.925,00
73	0,947694	58.223,54	3.045,44
74	0,943069	55.178,10	3.141,34
75	0,936717	52.036,76	3.293,05
76	0,928993	48.743,71	3.461,13
77	0,921703	45.282,58	3.545,49
78	0,915037	41.737,09	3.546,13
79	0,909323	38.190,96	3.463,05
80	0,900763	34.727,91	3.446,30
81	0,888582	31.281,61	3.485,35
82	0,876785	27.796,27	3.424,93
83	0,866030	24.371,34	3.265,03
84	0,857594	21.106,31	3.005,67
85	0,846669	18.100,64	2.775,38
86	0,829600	15.325,25	2.611,42
87	0,810929	12.713,84	2.403,82
88	0,791212	10.310,01	2.152,61
89	0,772260	8.157,41	1.857,76
90	0,758582	6.299,64	1.520,85
91	0,746167	4.778,79	1.213,02
92	0,728448	3.565,78	968,29
93	0,697137	2.597,48	786,68
94	0,631004	1.810,80	668,18
95	0,555756	1.142,62	507,60
96	0,519772	635,02	304,95
97	0,498842	330,06	165,41
98	0,459552	164,65	88,98
99	0,000000	75,67	75,67
